   2.3928215353938184e-02
   5.9820538384845459e-03
   3.9880358923230306e-03
   2.3928215353938184e-02
   1.8943170488534396e-02
   9.9700897308075765e-04
   2.5922233300099698e-02
   1.4955134596211365e-02
   1.5952143569292122e-02
   1.7946161515453637e-02
   2.2931206380857425e-02
   2.4925224327018942e-02
   1.1964107676969092e-02
   2.9910269192422729e-03
   2.1934197407776669e-02
   9.9700897308075756e-03
   2.4925224327018942e-02
   1.0967098703888335e-02
   2.4925224327018942e-02
   5.9820538384845459e-03
   3.9880358923230306e-03
   2.5922233300099698e-02
   1.9940179461615153e-03
   1.9940179461615151e-02
   2.1934197407776669e-02
   1.2961116650049849e-02
   1.1964107676969092e-02
   2.8913260219341971e-02
   1.1964107676969092e-02
   1.2961116650049849e-02
   4.9850448654037878e-03
   9.9700897308075756e-03
   9.9700897308075756e-03
   2.5922233300099698e-02
   7.9760717846460612e-03
   9.9700897308075756e-03
   1.1964107676969092e-02
   2.0937188434695910e-02
   4.9850448654037878e-03
   2.5922233300099698e-02
   2.9910269192422729e-03
   1.3958125623130608e-02
   9.9700897308075765e-04
   2.1934197407776669e-02
   2.0937188434695910e-02
   6.9790628115653040e-03
   1.9940179461615151e-02
   1.6949152542372881e-02
   2.4925224327018942e-02
   1.6949152542372881e-02
   2.6919242273180457e-02
   1.2961116650049849e-02
   1.0967098703888335e-02
   1.4955134596211365e-02
   7.9760717846460612e-03
   2.6919242273180457e-02
   1.3958125623130608e-02
   7.9760717846460612e-03
   1.2961116650049849e-02
   2.0937188434695910e-02
   1.1964107676969092e-02
   5.9820538384845459e-03
   2.4925224327018942e-02
   1.6949152542372881e-02
   1.0967098703888335e-02
   6.9790628115653040e-03
   6.9790628115653040e-03
   1.5952143569292122e-02
   1.2961116650049849e-02
   2.1934197407776669e-02
   2.9910269192422729e-03
   2.4925224327018942e-02
   1.9940179461615151e-02
   3.9880358923230306e-03
   2.4925224327018942e-02
   5.9820538384845459e-03
   1.7946161515453637e-02
   1.5952143569292122e-02
   4.9850448654037878e-03
   9.9700897308075765e-04
   2.2931206380857425e-02
   2.2931206380857425e-02
   1.2961116650049849e-02
   1.9940179461615153e-03
   1.6949152542372881e-02
   5.9820538384845459e-03
   2.1934197407776669e-02
   1.5952143569292122e-02
   7.9760717846460612e-03
   2.6919242273180457e-02
   2.1934197407776669e-02
   2.5922233300099698e-02
   1.9940179461615153e-03
   5.9820538384845459e-03
   2.1934197407776669e-02
   2.0937188434695910e-02
   2.2931206380857425e-02
   1.4955134596211365e-02
   1.2961116650049849e-02
   1.7946161515453637e-02
   2.4925224327018942e-02
   1.9940179461615151e-02
   1.5952143569292122e-02
   8.9730807577268184e-03
   2.0937188434695910e-02
   1.1964107676969092e-02
   1.6949152542372881e-02
   2.5922233300099698e-02
   2.4925224327018942e-02
   2.6919242273180457e-02
   2.7916251246261216e-02
   2.3928215353938184e-02
   9.9700897308075765e-04
   9.9700897308075765e-04
   2.9910269192422729e-03
   7.9760717846460612e-03
   9.9700897308075765e-04
   1.2961116650049849e-02
   9.9700897308075756e-03
   1.5952143569292122e-02
   2.6919242273180457e-02
   8.9730807577268184e-03
   9.9700897308075756e-03
   2.4925224327018942e-02
   9.9700897308075756e-03
   4.9850448654037878e-03
   1.4955134596211365e-02
   2.4925224327018942e-02
   1.1964107676969092e-02
   2.0937188434695910e-02
   1.8943170488534396e-02
   1.3958125623130608e-02
   1.3958125623130608e-02
   2.7916251246261216e-02
   2.9910269192422729e-03
   8.9730807577268184e-03
   1.2961116650049849e-02
   1.7946161515453637e-02
   2.5922233300099698e-02
   1.3958125623130608e-02
   1.2961116650049849e-02
   2.1934197407776669e-02
   1.3958125623130608e-02
   2.4925224327018942e-02
   1.3958125623130608e-02
   1.4955134596211365e-02
   1.4955134596211365e-02
   6.9790628115653040e-03
   2.9910269192422729e-03
   1.9940179461615153e-03
   2.5922233300099698e-02
   6.9790628115653040e-03
   2.4925224327018942e-02
   2.0937188434695910e-02
   2.5922233300099698e-02
   2.7916251246261216e-02
   4.9850448654037878e-03
   1.1964107676969092e-02
   2.8913260219341971e-02
   1.8943170488534396e-02
   2.5922233300099698e-02
   1.3958125623130608e-02
   9.9700897308075765e-04
   1.8943170488534396e-02
   6.9790628115653040e-03
   1.5952143569292122e-02
   2.1934197407776669e-02
   1.7946161515453637e-02
   1.7946161515453637e-02
   1.2961116650049849e-02
   7.9760717846460612e-03
   1.2961116650049849e-02
   9.9700897308075765e-04
   1.7946161515453637e-02
   2.7916251246261216e-02
   2.9910269192422729e-03
   1.9940179461615153e-03
   2.5922233300099698e-02
   7.9760717846460612e-03
   9.9700897308075765e-04
   2.3928215353938184e-02
   4.9850448654037878e-03
   2.5922233300099698e-02
   2.9910269192422729e-03
   1.0967098703888335e-02
   1.7946161515453637e-02
   1.6949152542372881e-02
   1.9940179461615151e-02
   1.8943170488534396e-02
   1.2961116650049849e-02
   4.9850448654037878e-03
   2.1934197407776669e-02
   7.9760717846460612e-03
   1.8943170488534396e-02
   2.4925224327018942e-02
   2.9910269192422729e-03
   2.8913260219341971e-02
   9.9700897308075765e-04
   2.4925224327018942e-02
   2.4925224327018942e-02
   1.9940179461615153e-03
   1.5952143569292122e-02
   2.7916251246261216e-02
   9.9700897308075756e-03
   2.3928215353938184e-02
   1.7946161515453637e-02
   2.2931206380857425e-02
   2.3928215353938184e-02
   1.9940179461615153e-03
   8.9730807577268184e-03
   1.8943170488534396e-02
   1.4955134596211365e-02
   2.8913260219341971e-02
   2.1934197407776669e-02
   1.6949152542372881e-02
   8.9730807577268184e-03
   7.9760717846460612e-03
   2.5922233300099698e-02
   1.2961116650049849e-02
   2.3928215353938184e-02
   2.9910269192422729e-03
   2.4925224327018942e-02
   9.9700897308075765e-04
   2.6919242273180457e-02
   2.6919242273180457e-02
   1.5952143569292122e-02
   3.9880358923230306e-03
   5.9820538384845459e-03
   2.0937188434695910e-02
   2.4925224327018942e-02
   1.9940179461615153e-03
   2.1934197407776669e-02
   2.7916251246261216e-02
   9.9700897308075756e-03
   1.8943170488534396e-02
   9.9700897308075756e-03
   6.9790628115653040e-03
   2.2931206380857425e-02
   2.0937188434695910e-02
   8.9730807577268184e-03
   1.6949152542372881e-02
   1.2961116650049849e-02
   2.9910269192422729e-03
   9.9700897308075765e-04
   1.4955134596211365e-02
   8.9730807577268184e-03
   9.9700897308075756e-03
   8.9730807577268184e-03
   4.9850448654037878e-03
   1.1964107676969092e-02
   2.0937188434695910e-02
   5.9820538384845459e-03
   1.9940179461615151e-02
   1.2961116650049849e-02
   1.2961116650049849e-02
   5.9820538384845459e-03
   5.9820538384845459e-03
   1.7946161515453637e-02
   7.9760717846460612e-03
   1.6949152542372881e-02
   2.7916251246261216e-02
   2.0937188434695910e-02
   1.9940179461615151e-02
   2.7916251246261216e-02
   2.2931206380857425e-02
   1.7946161515453637e-02
   2.7916251246261216e-02
   1.9940179461615153e-03
   7.9760717846460612e-03
   2.8913260219341971e-02
   2.2931206380857425e-02
   1.3958125623130608e-02
   1.9940179461615151e-02
   1.2961116650049849e-02
   1.1964107676969092e-02
   6.9790628115653040e-03
   1.1964107676969092e-02
   9.9700897308075765e-04
   1.3958125623130608e-02
   9.9700897308075756e-03
   2.8913260219341971e-02
   1.6949152542372881e-02
   2.4925224327018942e-02
   1.1964107676969092e-02
   1.3958125623130608e-02
   2.3928215353938184e-02
   2.8913260219341971e-02
   1.5952143569292122e-02
   2.6919242273180457e-02
   2.1934197407776669e-02
   1.6949152542372881e-02
   2.8913260219341971e-02
   2.3928215353938184e-02
   2.7916251246261216e-02
   1.8943170488534396e-02
   1.1964107676969092e-02
   1.3958125623130608e-02
   2.6919242273180457e-02
   9.9700897308075765e-04
   4.9850448654037878e-03
   1.3958125623130608e-02
   1.5952143569292122e-02
   1.9940179461615153e-03
   1.9940179461615151e-02
   2.5922233300099698e-02
   3.9880358923230306e-03
   1.2961116650049849e-02
   8.9730807577268184e-03
   2.8913260219341971e-02
   1.7946161515453637e-02
   7.9760717846460612e-03
   3.9880358923230306e-03
   1.5952143569292122e-02
   2.4925224327018942e-02
   2.4925224327018942e-02
   2.4925224327018942e-02
   5.9820538384845459e-03
   1.5952143569292122e-02
   2.5922233300099698e-02
   3.9880358923230306e-03
   2.4925224327018942e-02
   2.6919242273180457e-02
   6.9790628115653040e-03
   2.9910269192422729e-03
   1.3958125623130608e-02
   2.4925224327018942e-02
   1.3958125623130608e-02
   1.1964107676969092e-02
   1.4955134596211365e-02
   3.9880358923230306e-03
   3.9880358923230306e-03
   2.5922233300099698e-02
   1.7946161515453637e-02
   7.9760717846460612e-03
   2.5922233300099698e-02
   1.9940179461615153e-03
   1.3958125623130608e-02
   2.0937188434695910e-02
   9.9700897308075756e-03
   1.1964107676969092e-02
   1.5952143569292122e-02
   2.5922233300099698e-02
   2.2931206380857425e-02
   2.9910269192422729e-03
   8.9730807577268184e-03
   1.1964107676969092e-02
   2.5922233300099698e-02
   1.2961116650049849e-02
   6.9790628115653040e-03
   1.7946161515453637e-02
   1.3958125623130608e-02
   2.6919242273180457e-02
   2.7916251246261216e-02
   2.3928215353938184e-02
   2.0937188434695910e-02
   2.1934197407776669e-02
   2.6919242273180457e-02
   1.9940179461615153e-03
   9.9700897308075756e-03
   9.9700897308075765e-04
   2.4925224327018942e-02
   1.4955134596211365e-02
   1.0967098703888335e-02
   6.9790628115653040e-03
   1.5952143569292122e-02
   8.9730807577268184e-03
   1.9940179461615153e-03
   2.9910269192422729e-03
   1.9940179461615153e-03
   1.1964107676969092e-02
   3.9880358923230306e-03
   1.2961116650049849e-02
   2.6919242273180457e-02
   1.0967098703888335e-02
   3.9880358923230306e-03
   1.6949152542372881e-02
   2.5922233300099698e-02
   1.0967098703888335e-02
   1.9940179461615153e-03
   4.9850448654037878e-03
   2.9910269192422729e-03
   2.1934197407776669e-02
   1.3958125623130608e-02
   1.9940179461615151e-02
   2.0937188434695910e-02
   1.6949152542372881e-02
   1.8943170488534396e-02
   2.5922233300099698e-02
   1.9940179461615151e-02
   2.5922233300099698e-02
   1.3958125623130608e-02
   4.9850448654037878e-03
   1.9940179461615153e-03
   2.0937188434695910e-02
   8.9730807577268184e-03
   1.9940179461615151e-02
   1.8943170488534396e-02
   1.5952143569292122e-02
   2.0937188434695910e-02
   1.4955134596211365e-02
   1.4955134596211365e-02
   1.4955134596211365e-02
   2.7916251246261216e-02
   1.1964107676969092e-02
   3.9880358923230306e-03
   6.9790628115653040e-03
   1.9940179461615151e-02
   2.4925224327018942e-02
   2.8913260219341971e-02
   6.9790628115653040e-03
   2.2931206380857425e-02
   1.6949152542372881e-02
   1.1964107676969092e-02
   1.4955134596211365e-02
   1.4955134596211365e-02
   1.8943170488534396e-02
   2.1934197407776669e-02
   8.9730807577268184e-03
   2.9910269192422729e-03
   2.3928215353938184e-02
   1.1964107676969092e-02
   2.2931206380857425e-02
   5.9820538384845459e-03
   3.9880358923230306e-03
   2.6919242273180457e-02
   2.5922233300099698e-02
   2.8913260219341971e-02
   2.5922233300099698e-02
   1.9940179461615153e-03
   1.5952143569292122e-02
   2.8913260219341971e-02
   1.4955134596211365e-02
   2.5922233300099698e-02
   2.9910269192422729e-03
   2.8913260219341971e-02
   2.6919242273180457e-02
   1.6949152542372881e-02
   1.2961116650049849e-02
   9.9700897308075756e-03
   2.0937188434695910e-02
   9.9700897308075765e-04
   1.0967098703888335e-02
   2.6919242273180457e-02
   1.5952143569292122e-02
   1.3958125623130608e-02
   1.4955134596211365e-02
   8.9730807577268184e-03
   2.7916251246261216e-02
   2.8913260219341971e-02
   1.4955134596211365e-02
   2.8913260219341971e-02
   1.3958125623130608e-02
   1.2961116650049849e-02
   6.9790628115653040e-03
   5.9820538384845459e-03
   2.4925224327018942e-02
   2.1934197407776669e-02
   1.5952143569292122e-02
   2.4925224327018942e-02
   1.4955134596211365e-02
   1.6949152542372881e-02
   6.9790628115653040e-03
   1.7946161515453637e-02
   4.9850448654037878e-03
   1.9940179461615153e-03
   1.9940179461615151e-02
   1.7946161515453637e-02
   6.9790628115653040e-03
   1.1964107676969092e-02
   1.8943170488534396e-02
   1.6949152542372881e-02
   3.9880358923230306e-03
   4.9850448654037878e-03
   9.9700897308075765e-04
   1.2961116650049849e-02
   1.4955134596211365e-02
   4.9850448654037878e-03
   1.9940179461615151e-02
   9.9700897308075765e-04
   3.9880358923230306e-03
   2.7916251246261216e-02
   2.8913260219341971e-02
   9.9700897308075765e-04
   1.4955134596211365e-02
   2.5922233300099698e-02
   7.9760717846460612e-03
   2.4925224327018942e-02
   2.3928215353938184e-02
   1.8943170488534396e-02
   9.9700897308075765e-04
   1.1964107676969092e-02
   2.6919242273180457e-02
   1.9940179461615151e-02
   1.0967098703888335e-02
   1.8943170488534396e-02
   7.9760717846460612e-03
   1.6949152542372881e-02
   2.8913260219341971e-02
   2.4925224327018942e-02
   8.9730807577268184e-03
   1.9940179461615151e-02
   1.0967098703888335e-02
   2.8913260219341971e-02
   2.9910269192422729e-03
   7.9760717846460612e-03
   2.3928215353938184e-02
   2.9910269192422729e-03
   1.5952143569292122e-02
   2.3928215353938184e-02
   2.1934197407776669e-02
   4.9850448654037878e-03
   1.2961116650049849e-02
   1.0967098703888335e-02
   1.3958125623130608e-02
   1.7946161515453637e-02
   4.9850448654037878e-03
   2.6919242273180457e-02
   1.8943170488534396e-02
   4.9850448654037878e-03
   1.6949152542372881e-02
   2.7916251246261216e-02
   2.2931206380857425e-02
   1.9940179461615151e-02
   1.3958125623130608e-02
   7.9760717846460612e-03
   1.6949152542372881e-02
   7.9760717846460612e-03
   9.9700897308075756e-03
   2.6919242273180457e-02
   2.5922233300099698e-02
   2.3928215353938184e-02
   2.6919242273180457e-02
   5.9820538384845459e-03
   1.5952143569292122e-02
   1.8943170488534396e-02
   2.6919242273180457e-02
   1.9940179461615151e-02
   1.1964107676969092e-02
   2.1934197407776669e-02
   2.3928215353938184e-02
   1.7946161515453637e-02
   2.9910269192422729e-03
   2.6919242273180457e-02
   1.9940179461615153e-03
   1.5952143569292122e-02
   3.9880358923230306e-03
   1.1964107676969092e-02
   2.3928215353938184e-02
   7.9760717846460612e-03
   2.5922233300099698e-02
   2.0937188434695910e-02
   1.0967098703888335e-02
   7.9760717846460612e-03
   7.9760717846460612e-03
   2.2931206380857425e-02
   1.9940179461615153e-03
   1.9940179461615151e-02
   1.7946161515453637e-02
   2.1934197407776669e-02
   2.8913260219341971e-02
   1.1964107676969092e-02
   7.9760717846460612e-03
   2.5922233300099698e-02
   2.3928215353938184e-02
   1.3958125623130608e-02
   2.9910269192422729e-03
   1.6949152542372881e-02
   5.9820538384845459e-03
   1.5952143569292122e-02
   1.0967098703888335e-02
   9.9700897308075756e-03
   2.1934197407776669e-02
   1.4955134596211365e-02
   2.2931206380857425e-02
   5.9820538384845459e-03
   1.9940179461615151e-02
   1.9940179461615153e-03
   2.3928215353938184e-02
   1.9940179461615151e-02
   2.7916251246261216e-02
   2.9910269192422729e-03
   2.6919242273180457e-02
   1.4955134596211365e-02
   1.7946161515453637e-02
   9.9700897308075756e-03
   2.9910269192422729e-03
   2.4925224327018942e-02
   4.9850448654037878e-03
   1.0967098703888335e-02
   1.8943170488534396e-02
   2.8913260219341971e-02
   1.5952143569292122e-02
   2.8913260219341971e-02
   6.9790628115653040e-03
   1.1964107676969092e-02
   2.0937188434695910e-02
   1.9940179461615153e-03
   2.1934197407776669e-02
   1.2961116650049849e-02
   2.3928215353938184e-02
   1.1964107676969092e-02
   9.9700897308075756e-03
   2.8913260219341971e-02
   2.0937188434695910e-02
   1.1964107676969092e-02
   2.9910269192422729e-03
   2.1934197407776669e-02
   1.8943170488534396e-02
   2.9910269192422729e-03
   3.9880358923230306e-03
   2.8913260219341971e-02
   1.4955134596211365e-02
   9.9700897308075765e-04
   1.9940179461615153e-03
   4.9850448654037878e-03
   2.5922233300099698e-02
   1.3958125623130608e-02
   1.6949152542372881e-02
   1.4955134596211365e-02
   1.9940179461615153e-03
   2.6919242273180457e-02
   8.9730807577268184e-03
   7.9760717846460612e-03
   1.7946161515453637e-02
   1.3958125623130608e-02
   1.0967098703888335e-02
   1.9940179461615151e-02
   2.7916251246261216e-02
   1.7946161515453637e-02
   8.9730807577268184e-03
   5.9820538384845459e-03
   1.2961116650049849e-02
   9.9700897308075765e-04
   2.5922233300099698e-02
   1.7946161515453637e-02
   5.9820538384845459e-03
   1.5952143569292122e-02
   1.9940179461615153e-03
   2.5922233300099698e-02
   1.2961116650049849e-02
   1.5952143569292122e-02
   1.6949152542372881e-02
   1.9940179461615151e-02
   1.0967098703888335e-02
   2.9910269192422729e-03
   1.3958125623130608e-02
   1.9940179461615153e-03
   2.1934197407776669e-02
   1.9940179461615153e-03
   2.7916251246261216e-02
   2.1934197407776669e-02
   2.7916251246261216e-02
   1.4955134596211365e-02
   6.9790628115653040e-03
   7.9760717846460612e-03
   2.2931206380857425e-02
   2.8913260219341971e-02
   1.0967098703888335e-02
   2.1934197407776669e-02
   3.9880358923230306e-03
   1.7946161515453637e-02
   1.2961116650049849e-02
   2.1934197407776669e-02
   7.9760717846460612e-03
   2.9910269192422729e-03
   1.3958125623130608e-02
   1.8943170488534396e-02
   3.9880358923230306e-03
   1.3958125623130608e-02
   1.8943170488534396e-02
   2.3928215353938184e-02
   8.9730807577268184e-03
   1.1964107676969092e-02
   2.5922233300099698e-02
   2.0937188434695910e-02
   7.9760717846460612e-03
   2.2931206380857425e-02
   8.9730807577268184e-03
   8.9730807577268184e-03
   9.9700897308075765e-04
   1.0967098703888335e-02
   1.2961116650049849e-02
   8.9730807577268184e-03
   8.9730807577268184e-03
   7.9760717846460612e-03
   2.7916251246261216e-02
   2.4925224327018942e-02
   1.1964107676969092e-02
   1.3958125623130608e-02
   1.6949152542372881e-02
   1.4955134596211365e-02
   7.9760717846460612e-03
   2.8913260219341971e-02
   5.9820538384845459e-03
   2.4925224327018942e-02
   9.9700897308075765e-04
   9.9700897308075756e-03
   2.1934197407776669e-02
   1.8943170488534396e-02
   4.9850448654037878e-03
   2.7916251246261216e-02
   1.5952143569292122e-02
   7.9760717846460612e-03
   1.6949152542372881e-02
   2.6919242273180457e-02
   2.5922233300099698e-02
   1.3958125623130608e-02
   1.2961116650049849e-02
   9.9700897308075756e-03
   1.9940179461615153e-03
   2.1934197407776669e-02
   3.9880358923230306e-03
   1.0967098703888335e-02
   1.1964107676969092e-02
   2.5922233300099698e-02
   9.9700897308075765e-04
   2.4925224327018942e-02
   8.9730807577268184e-03
   7.9760717846460612e-03
   1.4955134596211365e-02
   2.1934197407776669e-02
   5.9820538384845459e-03
   6.9790628115653040e-03
   2.8913260219341971e-02
   1.7946161515453637e-02
   8.9730807577268184e-03
   2.8913260219341971e-02
   2.5922233300099698e-02
   5.9820538384845459e-03
   9.9700897308075765e-04
   2.0937188434695910e-02
   2.5922233300099698e-02
   3.9880358923230306e-03
   1.9940179461615153e-03
   1.7946161515453637e-02
   1.7946161515453637e-02
   1.4955134596211365e-02
   9.9700897308075765e-04
   1.9940179461615151e-02
   2.7916251246261216e-02
   2.5922233300099698e-02
   3.9880358923230306e-03
   1.0967098703888335e-02
   7.9760717846460612e-03
   1.6949152542372881e-02
   1.7946161515453637e-02
   8.9730807577268184e-03
   2.3928215353938184e-02
   2.3928215353938184e-02
   2.2931206380857425e-02
   1.0967098703888335e-02
   1.9940179461615153e-03
   2.0937188434695910e-02
   2.8913260219341971e-02
   4.9850448654037878e-03
   3.9880358923230306e-03
   2.6919242273180457e-02
   1.3958125623130608e-02
   2.4925224327018942e-02
   2.3928215353938184e-02
   5.9820538384845459e-03
   7.9760717846460612e-03
   1.9940179461615153e-03
   1.7946161515453637e-02
   2.2931206380857425e-02
   1.4955134596211365e-02
   9.9700897308075765e-04
   2.8913260219341971e-02
   1.4955134596211365e-02
   9.9700897308075756e-03
   5.9820538384845459e-03
   1.8943170488534396e-02
   1.6949152542372881e-02
   2.1934197407776669e-02
   4.9850448654037878e-03
   1.0967098703888335e-02
   4.9850448654037878e-03
   2.4925224327018942e-02
   9.9700897308075756e-03
   7.9760717846460612e-03
   9.9700897308075765e-04
   2.3928215353938184e-02
   1.4955134596211365e-02
   1.5952143569292122e-02
   2.5922233300099698e-02
   2.0937188434695910e-02
   1.9940179461615151e-02
   5.9820538384845459e-03
   1.5952143569292122e-02
   2.7916251246261216e-02
   1.7946161515453637e-02
   2.3928215353938184e-02
   2.8913260219341971e-02
   2.5922233300099698e-02
   6.9790628115653040e-03
   1.9940179461615153e-03
   1.3958125623130608e-02
   9.9700897308075765e-04
   1.3958125623130608e-02
   2.7916251246261216e-02
   7.9760717846460612e-03
   1.1964107676969092e-02
   1.2961116650049849e-02
   2.4925224327018942e-02
   2.3928215353938184e-02
   1.3958125623130608e-02
   1.1964107676969092e-02
   2.6919242273180457e-02
   2.1934197407776669e-02
   2.1934197407776669e-02
   2.7916251246261216e-02
   1.4955134596211365e-02
   2.2931206380857425e-02
   1.3958125623130608e-02
   2.4925224327018942e-02
   1.1964107676969092e-02
   2.1934197407776669e-02
   2.8913260219341971e-02
   1.5952143569292122e-02
   1.2961116650049849e-02
   6.9790628115653040e-03
   9.9700897308075756e-03
   3.9880358923230306e-03
   1.0967098703888335e-02
   9.9700897308075756e-03
   9.9700897308075756e-03
   2.3928215353938184e-02
   1.5952143569292122e-02
   1.5952143569292122e-02
   2.2931206380857425e-02
   3.9880358923230306e-03
   1.8943170488534396e-02
   1.0967098703888335e-02
   9.9700897308075756e-03
   1.6949152542372881e-02
   2.5922233300099698e-02
   5.9820538384845459e-03
   1.9940179461615151e-02
   2.6919242273180457e-02
   5.9820538384845459e-03
   8.9730807577268184e-03
   1.4955134596211365e-02
   2.5922233300099698e-02
   1.4955134596211365e-02
   8.9730807577268184e-03
   1.5952143569292122e-02
   1.6949152542372881e-02
   1.1964107676969092e-02
   9.9700897308075765e-04
   2.0937188434695910e-02
   1.4955134596211365e-02
   1.1964107676969092e-02
   1.9940179461615153e-03
   1.0967098703888335e-02
   6.9790628115653040e-03
   5.9820538384845459e-03
   2.3928215353938184e-02
   1.1964107676969092e-02
   1.9940179461615153e-03
   1.0967098703888335e-02
   2.2931206380857425e-02
   4.9850448654037878e-03
   2.6919242273180457e-02
   9.9700897308075756e-03
   9.9700897308075756e-03
   5.9820538384845459e-03
   2.2931206380857425e-02
   2.9910269192422729e-03
   2.7916251246261216e-02
   4.9850448654037878e-03
   8.9730807577268184e-03
   1.9940179461615151e-02
   4.9850448654037878e-03
   1.4955134596211365e-02
   2.0937188434695910e-02
   2.6919242273180457e-02
   2.1934197407776669e-02
   2.1934197407776669e-02
   1.1964107676969092e-02
   6.9790628115653040e-03
   1.5952143569292122e-02
   6.9790628115653040e-03
   2.4925224327018942e-02
   1.9940179461615151e-02
   2.3928215353938184e-02
   2.3928215353938184e-02
   1.3958125623130608e-02
   8.9730807577268184e-03
   1.9940179461615151e-02
   2.8913260219341971e-02
   2.2931206380857425e-02
   2.4925224327018942e-02
   2.0937188434695910e-02
   1.7946161515453637e-02
   2.1934197407776669e-02
   1.4955134596211365e-02
   2.5922233300099698e-02
   1.9940179461615153e-03
   2.8913260219341971e-02
   2.9910269192422729e-03
   1.5952143569292122e-02
   1.1964107676969092e-02
   3.9880358923230306e-03
   2.1934197407776669e-02
   1.7946161515453637e-02
   2.2931206380857425e-02
   1.6949152542372881e-02
   2.3928215353938184e-02
   1.6949152542372881e-02
   2.7916251246261216e-02
   2.5922233300099698e-02
   1.4955134596211365e-02
   2.2931206380857425e-02
   1.3958125623130608e-02
   2.4925224327018942e-02
   9.9700897308075756e-03
   2.8913260219341971e-02
   8.9730807577268184e-03
   2.9910269192422729e-03
   2.1934197407776669e-02
   2.4925224327018942e-02
   2.6919242273180457e-02
   9.9700897308075756e-03
   2.3928215353938184e-02
   1.5952143569292122e-02
   1.3958125623130608e-02
   2.3928215353938184e-02
   2.7916251246261216e-02
   2.9910269192422729e-03
   2.0937188434695910e-02
   6.9790628115653040e-03
   1.1964107676969092e-02
   7.9760717846460612e-03
   2.4925224327018942e-02
   2.8913260219341971e-02
   1.8943170488534396e-02
   2.0937188434695910e-02
   2.7916251246261216e-02
   1.9940179461615151e-02
   1.6949152542372881e-02
   1.1964107676969092e-02
   1.8943170488534396e-02
   1.0967098703888335e-02
   1.1964107676969092e-02
   1.0967098703888335e-02
   1.3958125623130608e-02
   1.4955134596211365e-02
   2.6919242273180457e-02
   5.9820538384845459e-03
   9.9700897308075756e-03
   1.6949152542372881e-02
   1.4955134596211365e-02
   7.9760717846460612e-03
   1.6949152542372881e-02
   2.5922233300099698e-02
   1.9940179461615153e-03
   1.2961116650049849e-02
   2.9910269192422729e-03
   1.6949152542372881e-02
   1.5952143569292122e-02
   2.2931206380857425e-02
   6.9790628115653040e-03
   1.7946161515453637e-02
   1.3958125623130608e-02
   2.4925224327018942e-02
   1.9940179461615151e-02
   1.0967098703888335e-02
   1.0967098703888335e-02
   7.9760717846460612e-03
   2.7916251246261216e-02
   8.9730807577268184e-03
   4.9850448654037878e-03
   1.0967098703888335e-02
   2.1934197407776669e-02
   2.0937188434695910e-02
   2.0937188434695910e-02
   9.9700897308075765e-04
   1.0967098703888335e-02
   2.6919242273180457e-02
   9.9700897308075756e-03
   1.7946161515453637e-02
   8.9730807577268184e-03
   3.9880358923230306e-03
   1.1964107676969092e-02
   2.3928215353938184e-02
   2.8913260219341971e-02
   2.4925224327018942e-02
   2.9910269192422729e-03
   9.9700897308075756e-03
   6.9790628115653040e-03
   9.9700897308075756e-03
   2.8913260219341971e-02
   1.5952143569292122e-02
   2.1934197407776669e-02
   2.4925224327018942e-02
   4.9850448654037878e-03
   2.6919242273180457e-02
   3.9880358923230306e-03
   2.1934197407776669e-02
   2.1934197407776669e-02
   2.0937188434695910e-02
   3.9880358923230306e-03
   1.2961116650049849e-02
   1.4955134596211365e-02
   1.5952143569292122e-02
   2.4925224327018942e-02
   1.9940179461615151e-02
   2.3928215353938184e-02
   1.5952143569292122e-02
   2.7916251246261216e-02
   1.9940179461615153e-03
   1.5952143569292122e-02
   8.9730807577268184e-03
   1.3958125623130608e-02
   1.9940179461615151e-02
   6.9790628115653040e-03
   1.7946161515453637e-02
   9.9700897308075756e-03
   2.5922233300099698e-02
   3.9880358923230306e-03
   2.9910269192422729e-03
   2.7916251246261216e-02
   4.9850448654037878e-03
   4.9850448654037878e-03
   4.9850448654037878e-03
   2.9910269192422729e-03
   1.3958125623130608e-02
   1.9940179461615151e-02
   2.4925224327018942e-02
   2.2931206380857425e-02
   2.0937188434695910e-02
   1.3958125623130608e-02
   2.0937188434695910e-02
   2.7916251246261216e-02
   1.4955134596211365e-02
   8.9730807577268184e-03
   2.2931206380857425e-02
   6.9790628115653040e-03
   6.9790628115653040e-03
   1.3958125623130608e-02
   1.7946161515453637e-02
   1.7946161515453637e-02
   3.9880358923230306e-03
   3.9880358923230306e-03
   8.9730807577268184e-03
   2.1934197407776669e-02
   1.1964107676969092e-02
   2.4925224327018942e-02
   2.7916251246261216e-02
   1.1964107676969092e-02
   1.9940179461615153e-03
   1.6949152542372881e-02
   2.1934197407776669e-02
   9.9700897308075756e-03
   1.4955134596211365e-02
   6.9790628115653040e-03
   2.7916251246261216e-02
   1.3958125623130608e-02
   1.5952143569292122e-02
   6.9790628115653040e-03
   2.9910269192422729e-03
   1.9940179461615153e-03
   2.3928215353938184e-02
   2.2931206380857425e-02
   5.9820538384845459e-03
   2.5922233300099698e-02
   1.9940179461615151e-02
   1.9940179461615151e-02
   2.8913260219341971e-02
   9.9700897308075765e-04
   1.2961116650049849e-02
   1.4955134596211365e-02
   1.6949152542372881e-02
   2.9910269192422729e-03
   1.9940179461615151e-02
   1.9940179461615153e-03
   1.6949152542372881e-02
   2.0937188434695910e-02
   1.4955134596211365e-02
   1.7946161515453637e-02
   6.9790628115653040e-03
   1.8943170488534396e-02
   1.1964107676969092e-02
   3.9880358923230306e-03
   1.0967098703888335e-02
   7.9760717846460612e-03
   6.9790628115653040e-03
   1.8943170488534396e-02
   1.5952143569292122e-02
   1.1964107676969092e-02
   6.9790628115653040e-03
   2.4925224327018942e-02
   2.4925224327018942e-02
   8.9730807577268184e-03
   1.7946161515453637e-02
   2.2931206380857425e-02
   2.7916251246261216e-02
   2.6919242273180457e-02
   1.1964107676969092e-02
   4.9850448654037878e-03
   2.3928215353938184e-02
   3.9880358923230306e-03
   4.9850448654037878e-03
   1.0967098703888335e-02
   2.4925224327018942e-02
   1.6949152542372881e-02
   1.6949152542372881e-02
   2.6919242273180457e-02
   1.6949152542372881e-02
   9.9700897308075765e-04
   2.3928215353938184e-02
   1.7946161515453637e-02
   1.3958125623130608e-02
   7.9760717846460612e-03
   7.9760717846460612e-03
   1.3958125623130608e-02
   6.9790628115653040e-03
   1.9940179461615153e-03
   4.9850448654037878e-03
   7.9760717846460612e-03
   5.9820538384845459e-03
   1.7946161515453637e-02
   2.3928215353938184e-02
   2.3928215353938184e-02
   2.3928215353938184e-02
   2.0937188434695910e-02
   2.4925224327018942e-02
   2.2931206380857425e-02
   5.9820538384845459e-03
   2.8913260219341971e-02
   2.9910269192422729e-03
   1.8943170488534396e-02
   6.9790628115653040e-03
   7.9760717846460612e-03
   9.9700897308075756e-03
   5.9820538384845459e-03
   1.4955134596211365e-02
   2.7916251246261216e-02
   1.1964107676969092e-02
   1.6949152542372881e-02
   1.7946161515453637e-02
   2.0937188434695910e-02
   1.1964107676969092e-02
   2.4925224327018942e-02
   2.6919242273180457e-02
   2.1934197407776669e-02
   8.9730807577268184e-03
   2.3928215353938184e-02
   4.9850448654037878e-03
   1.4955134596211365e-02
   1.7946161515453637e-02
   2.0937188434695910e-02
   1.1964107676969092e-02
   2.1934197407776669e-02
   2.5922233300099698e-02
   1.9940179461615153e-03
   4.9850448654037878e-03
   2.5922233300099698e-02
   1.2961116650049849e-02
   1.1964107676969092e-02
   2.7916251246261216e-02
   2.1934197407776669e-02
   2.8913260219341971e-02
   6.9790628115653040e-03
   2.9910269192422729e-03
   1.1964107676969092e-02
   1.4955134596211365e-02
   1.6949152542372881e-02
   2.8913260219341971e-02
   1.4955134596211365e-02
   1.1964107676969092e-02
   2.8913260219341971e-02
   7.9760717846460612e-03
   1.9940179461615151e-02
   2.7916251246261216e-02
   1.9940179461615151e-02
   8.9730807577268184e-03
   1.5952143569292122e-02
   9.9700897308075765e-04
   2.5922233300099698e-02
   1.1964107676969092e-02
   8.9730807577268184e-03
   2.7916251246261216e-02
   1.3958125623130608e-02
   8.9730807577268184e-03
   2.9910269192422729e-03
   1.6949152542372881e-02
   4.9850448654037878e-03
   2.9910269192422729e-03
   1.6949152542372881e-02
   8.9730807577268184e-03
   1.0967098703888335e-02
   2.1934197407776669e-02
   2.4925224327018942e-02
   1.0967098703888335e-02
   2.7916251246261216e-02
   2.7916251246261216e-02
   5.9820538384845459e-03
   2.2931206380857425e-02
   1.7946161515453637e-02
